excel_row,ASIN,field,final_value,correct_value,correct_source_row
